A is a symmetric positive-definite matrix:

         2.1122        1.71976        1.32782        1.98618

        1.71976        1.57268        1.00582        1.45704

        1.32782        1.00582        1.00743         1.4165

        1.98618        1.45704         1.4165         2.1428


L is a lower triangular matrix:

        1.45334              0              0              0

        1.18332        0.41526              0              0

       0.913635      -0.181325       0.373926              0

        1.36663       -0.38559       0.262027       0.240391


LL^T calculated to check that A=LL^T:

         2.1122        1.71976        1.32782        1.98618

        1.71976        1.57268        1.00582        1.45704

        1.32782        1.00582        1.00743         1.4165

        1.98618        1.45704         1.4165         2.1428


Solving the linear equation Ax=b:

b is:

  0.635712

  0.717297

  0.141603

  0.606969


x is found to be:

  -4.91533

   4.01092

  -5.03342

   5.43936


Ax is calculated to check that Ax=b:

  0.635712

  0.717297

  0.141603

  0.606969


The determinant of A is found by det(A)=det(L)*det(L^T)=det(L)^2=
(product of the diagonal elements of L)^2:

det(A)=0.00294295


The inverse of A is:

         28.783       -18.6408        5.16881       -17.4209

       -18.6408        13.8699       -4.42642        10.7733

        5.16881       -4.42642        15.6494       -12.1262

       -17.4209        10.7733       -12.1262        17.3047


A*Ainv should be equal to the identity matrix:

              1              0    3.55271e-15              0

              0              1    3.55271e-15    3.55271e-15

    3.55271e-15   -1.77636e-15              1              0

              0    3.55271e-15   -3.55271e-15              1


Ainv*A should be equal to the identity matrix:

              1   -7.10543e-15    3.55271e-15   -7.10543e-15

    7.10543e-15              1    3.55271e-15    1.42109e-14

    1.42109e-14    7.10543e-15              1    3.55271e-15

   -7.10543e-15   -7.10543e-15   -7.10543e-15              1


