tgamma(5)=24+I0
j1(0.5)=0.242268+I0
sqrt(-2)=0+I1.41421
exp(I*pi)=-1+I1.22465e-16
exp(I)=0.540302+I0.841471
pow(I,e)=-0.42822+I-0.903675
pow(I,I)=0.20788+I0
float=0.1111111119389533996582031
double=0.1111111111111111049432054
long_double=0.1111111111111111111096053
